1011001011010110010110101100101101011001011010110010110101100101101011001011010110010110
1011001011010110010110101100101101011001011010110010110101100101101011001011010110010110
1011001011010110010110101100101101011001011010110010110101100101101011001011010110010110
1011001011010110010110101100101101011001011010110010110101100101101011001011010110010110
1011001011010110010110101100101101011001011010110010110101100101101011001011010110010110
1011001011010110010110101100101101011001011010110010110101100101101011001011010110010110
1011001011010110010110101100101101011001011010110010110101100101101011001011010110010110
1011001011010110010110101100101101011001011010110010110101100101101011001011010110010110
1011001011010110010110101100101101011001011010110010110101100101101011001011010110010110
1011001011010110010110101100101101011001011010110010110101100101101011001011010110010110
1011001011010110010110101100101101011001011010110010110101100101101011001011010110010110
1011001011010110010110101100101101011001011010110010110101100101101011001011010110010110
1011001011010110010110101100101101011001011010110010110101100101101011001011010110010110
1011001011010110010110101100101101011001011010110010110101100101101011001011010110010110
1011001011010110010110101100101101011001011010110010110101100101101011001011010110010110
1011001011010110010110101100101101011001011010110010110101100101101011001011010110010110
